-----------------------------------
|    x    |       f(x)            |
-----------------------------------
|    2.00 |              0.301030 |
|    2.10 |              0.312219 |
|    2.20 |              0.302423 |
|    2.30 |              0.271728 |
|    2.40 |              0.220211 |
|    2.50 |              0.147940 |
|    2.60 |              0.054973 |
|    2.70 |             -0.058636 |
|    2.80 |             -0.192842 |
|    2.90 |             -0.347602 |
|    3.00 |             -0.522879 |
|    3.10 |             -0.718638 |
|    3.20 |             -0.934850 |
|    3.30 |             -1.171486 |
|    3.40 |             -1.428521 |
|    3.50 |             -1.705932 |
|    3.60 |             -2.003697 |
|    3.70 |             -2.321798 |
|    3.80 |             -2.660216 |
|    3.90 |             -3.018935 |
|    4.00 |             -3.397940 |
-----------------------------------

